Node_Type,Node_ID,Longitude,Latitude
Turbine,Turbine_1,4.323152598505568,59.418200613397445
Turbine,Turbine_2,4.341215467260165,59.40380721097085
Turbine,Turbine_3,4.292430526012049,59.43558074089635
Turbine,Turbine_4,4.464215960033192,59.43606660214025
Turbine,Turbine_5,4.4922676485530095,59.375776953905735
Turbine,Turbine_6,4.482177823629691,59.45372435061815
Turbine,Turbine_7,4.397006269161381,59.41806946770724
Turbine,Turbine_8,4.498333464001533,59.40265404339097
Turbine,Turbine_9,4.375137689393622,59.406106341382085
Turbine,Turbine_10,4.38639124159947,59.455781910230584
Charging_Station,Charging_Station_1,4.463775187535406,59.388785180017486
Charging_Station,Charging_Station_2,4.417390450808043,59.37331703739933
Charging_Station,Charging_Station_3,4.403949522863686,59.39519679636412
Base_Node,Base_Node,5.248061,59.422539
DistanceMatrix_NM
,Base_Node,Turbine_1,Turbine_2,Turbine_3,Turbine_4,Turbine_5,Turbine_6,Turbine_7,Turbine_8,Turbine_9,Turbine_10,Charging_Station_1,Charging_Station_2,Charging_Station_3
Base_Node,0.0,28.3,27.7,29.2,23.9,23.3,23.5,26.0,22.9,26.7,26.4,24.1,25.6,25.8
Turbine_1,28.3,0.0,1.0,1.4,4.4,5.8,5.3,2.3,5.4,1.7,3.0,4.6,3.9,2.8
Turbine_2,27.7,1.0,0.0,2.4,4.2,4.9,5.2,1.9,4.8,1.0,3.4,3.9,3.0,2.0
Turbine_3,29.2,1.4,2.4,0.0,5.2,7.1,5.9,3.4,6.6,3.1,3.1,5.9,5.3,4.2
Turbine_4,23.9,4.4,4.2,5.2,0.0,3.7,1.2,2.3,2.3,3.3,2.7,2.8,4.0,3.1
Turbine_5,23.3,5.8,4.9,7.1,3.7,0.0,4.7,3.9,1.6,4.0,5.8,1.2,2.3,2.9
Turbine_6,23.5,5.3,5.2,5.9,1.2,4.7,0.0,3.4,3.1,4.3,2.9,3.9,5.2,4.2
Turbine_7,26.0,2.3,1.9,3.4,2.3,3.9,3.4,0.0,3.2,1.0,2.3,2.7,2.8,1.4
Turbine_8,22.9,5.4,4.8,6.6,2.3,1.6,3.1,3.2,0.0,3.8,4.7,1.3,3.0,2.9
Turbine_9,26.7,1.7,1.0,3.1,3.3,4.0,4.3,1.0,3.8,0.0,3.0,2.9,2.4,1.1
Turbine_10,26.4,3.0,3.4,3.1,2.7,5.8,2.9,2.3,4.7,3.0,0.0,4.7,5.0,3.7
Charging_Station_1,24.1,4.6,3.9,5.9,2.8,1.2,3.9,2.7,1.3,2.9,4.7,0.0,1.7,1.9
Charging_Station_2,25.6,3.9,3.0,5.3,4.0,2.3,5.2,2.8,3.0,2.4,5.0,1.7,0.0,1.4
Charging_Station_3,25.8,2.8,2.0,4.2,3.1,2.9,4.2,1.4,2.9,1.1,3.7,1.9,1.4,0.0
CostMatrix_Diesel_NM
,Base_Node,Turbine_1,Turbine_2,Turbine_3,Turbine_4,Turbine_5,Turbine_6,Turbine_7,Turbine_8,Turbine_9,Turbine_10,Charging_Station_1,Charging_Station_2,Charging_Station_3
Base_Node,0.0,56.5,55.5,58.4,47.9,46.5,46.9,52.0,45.9,53.4,52.8,48.1,51.1,51.7
Turbine_1,56.5,0.0,2.1,2.8,8.9,11.5,10.6,4.5,10.9,3.5,5.9,9.3,7.9,5.7
Turbine_2,55.5,2.1,0.0,4.8,8.5,9.8,10.5,3.8,9.6,2.1,6.8,7.7,5.9,4.0
Turbine_3,58.4,2.8,4.8,0.0,10.5,14.2,11.8,6.7,13.2,6.2,6.2,11.9,10.7,8.4
Turbine_4,47.9,8.9,8.5,10.5,0.0,7.4,2.4,4.6,4.5,6.5,5.3,5.7,8.1,6.1
Turbine_5,46.5,11.5,9.8,14.2,7.4,0.0,9.4,7.7,3.2,8.0,11.6,2.3,4.6,5.9
Turbine_6,46.9,10.6,10.5,11.8,2.4,9.4,0.0,6.7,6.2,8.7,5.9,7.9,10.4,8.5
Turbine_7,52.0,4.5,3.8,6.7,4.6,7.7,6.7,0.0,6.5,2.0,4.6,5.4,5.5,2.8
Turbine_8,45.9,10.9,9.6,13.2,4.5,3.2,6.2,6.5,0.0,7.5,9.4,2.7,6.1,5.8
Turbine_9,53.4,3.5,2.1,6.2,6.5,8.0,8.7,2.0,7.5,0.0,6.0,5.8,4.7,2.2
Turbine_10,52.8,5.9,6.8,6.2,5.3,11.6,5.9,4.6,9.4,6.0,0.0,9.3,10.1,7.4
Charging_Station_1,48.1,9.3,7.7,11.9,5.7,2.3,7.9,5.4,2.7,5.8,9.3,0.0,3.4,3.7
Charging_Station_2,51.1,7.9,5.9,10.7,8.1,4.6,10.4,5.5,6.1,4.7,10.1,3.4,0.0,2.8
Charging_Station_3,51.7,5.7,4.0,8.4,6.1,5.9,8.5,2.8,5.8,2.2,7.4,3.7,2.8,0.0
CostMatrix_Electric_NM
,Base_Node,Turbine_1,Turbine_2,Turbine_3,Turbine_4,Turbine_5,Turbine_6,Turbine_7,Turbine_8,Turbine_9,Turbine_10,Charging_Station_1,Charging_Station_2,Charging_Station_3
Base_Node,0.0,2.1,2.1,2.2,1.8,1.7,1.8,1.9,1.7,2.0,2.0,1.8,1.9,1.9
Turbine_1,2.1,0.0,0.1,0.1,0.3,0.4,0.4,0.2,0.4,0.1,0.2,0.3,0.3,0.2
Turbine_2,2.1,0.1,0.0,0.2,0.3,0.4,0.4,0.1,0.4,0.1,0.3,0.3,0.2,0.1
Turbine_3,2.2,0.1,0.2,0.0,0.4,0.5,0.4,0.3,0.5,0.2,0.2,0.4,0.4,0.3
Turbine_4,1.8,0.3,0.3,0.4,0.0,0.3,0.1,0.2,0.2,0.2,0.2,0.2,0.3,0.2
Turbine_5,1.7,0.4,0.4,0.5,0.3,0.0,0.4,0.3,0.1,0.3,0.4,0.1,0.2,0.2
Turbine_6,1.8,0.4,0.4,0.4,0.1,0.4,0.0,0.3,0.2,0.3,0.2,0.3,0.4,0.3
Turbine_7,1.9,0.2,0.1,0.3,0.2,0.3,0.3,0.0,0.2,0.1,0.2,0.2,0.2,0.1
Turbine_8,1.7,0.4,0.4,0.5,0.2,0.1,0.2,0.2,0.0,0.3,0.4,0.1,0.2,0.2
Turbine_9,2.0,0.1,0.1,0.2,0.2,0.3,0.3,0.1,0.3,0.0,0.2,0.2,0.2,0.1
Turbine_10,2.0,0.2,0.3,0.2,0.2,0.4,0.2,0.2,0.4,0.2,0.0,0.3,0.4,0.3
Charging_Station_1,1.8,0.3,0.3,0.4,0.2,0.1,0.3,0.2,0.1,0.2,0.3,0.0,0.1,0.1
Charging_Station_2,1.9,0.3,0.2,0.4,0.3,0.2,0.4,0.2,0.2,0.2,0.4,0.1,0.0,0.1
Charging_Station_3,1.9,0.2,0.1,0.3,0.2,0.2,0.3,0.1,0.2,0.1,0.3,0.1,0.1,0.0
BatteryUsageMatrix_Percent
,Base_Node,Turbine_1,Turbine_2,Turbine_3,Turbine_4,Turbine_5,Turbine_6,Turbine_7,Turbine_8,Turbine_9,Turbine_10,Charging_Station_1,Charging_Station_2,Charging_Station_3
Base_Node,0.0,56.5,55.5,58.4,47.9,46.5,46.9,52.0,45.9,53.4,52.8,48.1,51.1,51.7
Turbine_1,56.5,0.0,2.1,2.8,8.9,11.5,10.6,4.5,10.9,3.5,5.9,9.3,7.9,5.7
Turbine_2,55.5,2.1,0.0,4.8,8.5,9.8,10.5,3.8,9.6,2.1,6.8,7.7,5.9,4.0
Turbine_3,58.4,2.8,4.8,0.0,10.5,14.2,11.8,6.7,13.2,6.2,6.2,11.9,10.7,8.4
Turbine_4,47.9,8.9,8.5,10.5,0.0,7.4,2.4,4.6,4.5,6.5,5.3,5.7,8.1,6.1
Turbine_5,46.5,11.5,9.8,14.2,7.4,0.0,9.4,7.7,3.2,8.0,11.6,2.3,4.6,5.9
Turbine_6,46.9,10.6,10.5,11.8,2.4,9.4,0.0,6.7,6.2,8.7,5.9,7.9,10.4,8.5
Turbine_7,52.0,4.5,3.8,6.7,4.6,7.7,6.7,0.0,6.5,2.0,4.6,5.4,5.5,2.8
Turbine_8,45.9,10.9,9.6,13.2,4.5,3.2,6.2,6.5,0.0,7.5,9.4,2.7,6.1,5.8
Turbine_9,53.4,3.5,2.1,6.2,6.5,8.0,8.7,2.0,7.5,0.0,6.0,5.8,4.7,2.2
Turbine_10,52.8,5.9,6.8,6.2,5.3,11.6,5.9,4.6,9.4,6.0,0.0,9.3,10.1,7.4
Charging_Station_1,48.1,9.3,7.7,11.9,5.7,2.3,7.9,5.4,2.7,5.8,9.3,0.0,3.4,3.7
Charging_Station_2,51.1,7.9,5.9,10.7,8.1,4.6,10.4,5.5,6.1,4.7,10.1,3.4,0.0,2.8
Charging_Station_3,51.7,5.7,4.0,8.4,6.1,5.9,8.5,2.8,5.8,2.2,7.4,3.7,2.8,0.0
TimeMatrix_Hours
,Base_Node,Turbine_1,Turbine_2,Turbine_3,Turbine_4,Turbine_5,Turbine_6,Turbine_7,Turbine_8,Turbine_9,Turbine_10,Charging_Station_1,Charging_Station_2,Charging_Station_3
Base_Node,0.0,1.3,1.3,1.4,1.1,1.1,1.1,1.2,1.1,1.3,1.3,1.1,1.2,1.2
Turbine_1,1.3,0.0,0.0,0.1,0.2,0.3,0.3,0.1,0.3,0.1,0.1,0.2,0.2,0.1
Turbine_2,1.3,0.0,0.0,0.1,0.2,0.2,0.2,0.1,0.2,0.0,0.2,0.2,0.1,0.1
Turbine_3,1.4,0.1,0.1,0.0,0.2,0.3,0.3,0.2,0.3,0.1,0.1,0.3,0.3,0.2
Turbine_4,1.1,0.2,0.2,0.2,0.0,0.2,0.1,0.1,0.1,0.2,0.1,0.1,0.2,0.1
Turbine_5,1.1,0.3,0.2,0.3,0.2,0.0,0.2,0.2,0.1,0.2,0.3,0.1,0.1,0.1
Turbine_6,1.1,0.3,0.2,0.3,0.1,0.2,0.0,0.2,0.1,0.2,0.1,0.2,0.2,0.2
Turbine_7,1.2,0.1,0.1,0.2,0.1,0.2,0.2,0.0,0.2,0.0,0.1,0.1,0.1,0.1
Turbine_8,1.1,0.3,0.2,0.3,0.1,0.1,0.1,0.2,0.0,0.2,0.2,0.1,0.1,0.1
Turbine_9,1.3,0.1,0.0,0.1,0.2,0.2,0.2,0.0,0.2,0.0,0.1,0.1,0.1,0.1
Turbine_10,1.3,0.1,0.2,0.1,0.1,0.3,0.1,0.1,0.2,0.1,0.0,0.2,0.2,0.2
Charging_Station_1,1.1,0.2,0.2,0.3,0.1,0.1,0.2,0.1,0.1,0.1,0.2,0.0,0.1,0.1
Charging_Station_2,1.2,0.2,0.1,0.3,0.2,0.1,0.2,0.1,0.1,0.1,0.2,0.1,0.0,0.1
Charging_Station_3,1.2,0.1,0.1,0.2,0.1,0.1,0.2,0.1,0.1,0.1,0.2,0.1,0.1,0.0
MaintenanceTasks_Hours
Turbine,Maintenance_Time_Hours
Turbine_1,3.95
Turbine_2,5.71
Turbine_3,1.26
Turbine_4,4.65
Turbine_5,2.82
Turbine_6,5.7
Turbine_7,4.42
Turbine_8,4.52
Turbine_9,1.27
Turbine_10,2.35
MaintenanceTasks_Revenue
Turbine,Revenue,TimeWindow
Turbine_1,2674.0,1.0
Turbine_2,3248.0,1.0
Turbine_3,3896.0,1.0
Turbine_4,3833.0,1.0
Turbine_5,1127.0,1.0
Turbine_6,2086.0,1.0
Turbine_7,2991.0,1.0
Turbine_8,2744.0,1.0
Turbine_9,3984.0,1.0
Turbine_10,3995.0,1.0
Turbine_1,3712.0,2.0
Turbine_2,2206.0,2.0
Turbine_3,1771.0,2.0
Turbine_4,2456.0,2.0
Turbine_5,1397.0,2.0
Turbine_6,3352.0,2.0
Turbine_7,3294.0,2.0
Turbine_8,1851.0,2.0
Turbine_9,3753.0,2.0
Turbine_10,1322.0,2.0
Turbine_1,2029.0,3.0
Turbine_2,3918.0,3.0
Turbine_3,3651.0,3.0
Turbine_4,2443.0,3.0
Turbine_5,1094.0,3.0
Turbine_6,2369.0,3.0
Turbine_7,1881.0,3.0
Turbine_8,2140.0,3.0
Turbine_9,1976.0,3.0
Turbine_10,1308.0,3.0
MaintenanceTaskTechnicianDemand
Turbine,Type_1_Technicians,Type_2_Technicians
Turbine_1,1,3
Turbine_2,5,1
Turbine_3,3,4
Turbine_4,6,2
Turbine_5,2,3
Turbine_6,5,3
Turbine_7,4,3
Turbine_8,3,1
Turbine_9,1,7
Turbine_10,4,2
